heuristica,n,m,replicacao,tempo,iteracoes,valor,parametro
monotona,31,10,1,0.0001,1000,367,0.1
monotona,31,10,2,0.0002,1000,195,0.1
monotona,31,10,3,0.0001,1000,217,0.1
monotona,31,10,4,0.0001,1000,201,0.1
monotona,31,10,5,0.0001,1000,198,0.1
monotona,31,10,6,0.0001,1000,191,0.1
monotona,31,10,7,0.0001,1000,200,0.1
monotona,31,10,8,0.0001,1000,211,0.1
monotona,31,10,9,0.0001,1000,202,0.1
monotona,31,10,10,0.0001,1000,198,0.1
monotona,31,10,1,0.0001,1000,224,0.2
monotona,31,10,2,0.0002,1000,184,0.2
monotona,31,10,3,0.0001,1000,227,0.2
monotona,31,10,4,0.0002,1000,208,0.2
monotona,31,10,5,0.0002,1000,184,0.2
monotona,31,10,6,0.0002,1000,185,0.2
monotona,31,10,7,0.0001,1000,348,0.2
monotona,31,10,8,0.0001,1000,194,0.2
monotona,31,10,9,0.0003,1000,191,0.2
monotona,31,10,10,0.0001,1000,272,0.2
monotona,31,10,1,0.0001,1000,219,0.3
monotona,31,10,2,0.0002,1000,198,0.3
monotona,31,10,3,0.0003,1000,192,0.3
monotona,31,10,4,0.0002,1000,219,0.3
monotona,31,10,5,0.0003,1000,196,0.3
monotona,31,10,6,0.0003,1000,189,0.3
monotona,31,10,7,0.0009,1000,192,0.3
monotona,31,10,8,0.0003,1000,187,0.3
monotona,31,10,9,0.0003,1000,187,0.3
monotona,31,10,10,0.0002,1000,196,0.3
monotona,31,10,1,0.0001,1000,265,0.4
monotona,31,10,2,0.0003,1000,187,0.4
monotona,31,10,3,0.0003,1000,186,0.4
monotona,31,10,4,0.0001,1000,195,0.4
monotona,31,10,5,0.0002,1000,203,0.4
monotona,31,10,6,0.0002,1000,212,0.4
monotona,31,10,7,0.0002,1000,194,0.4
monotona,31,10,8,0.0002,1000,187,0.4
monotona,31,10,9,0.0002,1000,192,0.4
monotona,31,10,10,0.0003,1000,187,0.4
monotona,31,10,1,0.0004,1000,187,0.5
monotona,31,10,2,0.0004,1000,195,0.5
monotona,31,10,3,0.0002,1000,189,0.5
monotona,31,10,4,0.0004,1000,185,0.5
monotona,31,10,5,0.0001,1000,205,0.5
monotona,31,10,6,0.0001,1000,196,0.5
monotona,31,10,7,0.0001,1000,182,0.5
monotona,31,10,8,0.0001,1000,199,0.5
monotona,31,10,9,0.0001,1000,194,0.5
monotona,31,10,10,0.0001,1000,190,0.5
monotona,31,10,1,0.0001,1000,191,0.6
monotona,31,10,2,0.0001,1000,196,0.6
monotona,31,10,3,0.0001,1000,191,0.6
monotona,31,10,4,0.0001,1000,201,0.6
monotona,31,10,5,0.0003,1000,273,0.6
monotona,31,10,6,0.0003,1000,240,0.6
monotona,31,10,7,0.0003,1000,185,0.6
monotona,31,10,8,0.0003,1000,189,0.6
monotona,31,10,9,0.0002,1000,204,0.6
monotona,31,10,10,0.0001,1000,210,0.6
monotona,31,10,1,0.0001,1000,203,0.7
monotona,31,10,2,0.0002,1000,180,0.7
monotona,31,10,3,0.0001,1000,192,0.7
monotona,31,10,4,0.0002,1000,189,0.7
monotona,31,10,5,0.0003,1000,192,0.7
monotona,31,10,6,0.0004,1000,193,0.7
monotona,31,10,7,0.0003,1000,190,0.7
monotona,31,10,8,0.0003,1000,198,0.7
monotona,31,10,9,0.0003,1000,184,0.7
monotona,31,10,10,0.0003,1000,187,0.7
monotona,31,10,1,0.0003,1000,201,0.8
monotona,31,10,2,0.0002,1000,197,0.8
monotona,31,10,3,0.0001,1000,205,0.8
monotona,31,10,4,0.0002,1000,207,0.8
monotona,31,10,5,0.0004,1000,185,0.8
monotona,31,10,6,0.0001,1000,224,0.8
monotona,31,10,7,0.0005,1000,193,0.8
monotona,31,10,8,0.0003,1000,226,0.8
monotona,31,10,9,0.0002,1000,197,0.8
monotona,31,10,10,0.0002,1000,194,0.8
monotona,31,10,1,0.0002,1000,202,0.9
monotona,31,10,2,0.0001,1000,275,0.9
monotona,31,10,3,0.0003,1000,192,0.9
monotona,31,10,4,0.0002,1000,204,0.9
monotona,31,10,5,0.0001,1000,343,0.9
monotona,31,10,6,0.0001,1000,221,0.9
monotona,31,10,7,0.0004,1000,229,0.9
monotona,31,10,8,0.0002,1000,236,0.9
monotona,31,10,9,0.0002,1000,215,0.9
monotona,31,10,10,0.0002,1000,263,0.9
monotona,100,10,1,0.0001,1000,745,0.1
monotona,100,10,2,0.0002,1000,512,0.1
monotona,100,10,3,0.0003,1000,536,0.1
monotona,100,10,4,0.0003,1000,557,0.1
monotona,100,10,5,0.0001,1000,577,0.1
monotona,100,10,6,0.0002,1000,551,0.1
monotona,100,10,7,0.0003,1000,524,0.1
monotona,100,10,8,0.0002,1000,573,0.1
monotona,100,10,9,0.0001,1000,568,0.1
monotona,100,10,10,0.0001,1000,681,0.1
monotona,100,10,1,0.0002,1000,563,0.2
monotona,100,10,2,0.0002,1000,526,0.2
monotona,100,10,3,0.0003,1000,532,0.2
monotona,100,10,4,0.0002,1000,536,0.2
monotona,100,10,5,0.0002,1000,558,0.2
monotona,100,10,6,0.0003,1000,557,0.2
monotona,100,10,7,0.0003,1000,531,0.2
monotona,100,10,8,0.0002,1000,539,0.2
monotona,100,10,9,0.0001,1000,573,0.2
monotona,100,10,10,0.0001,1000,576,0.2
monotona,100,10,1,0.0003,1000,528,0.3
monotona,100,10,2,0.0003,1000,517,0.3
monotona,100,10,3,0.0003,1000,641,0.3
monotona,100,10,4,0.0001,1000,585,0.3
monotona,100,10,5,0.0001,1000,606,0.3
monotona,100,10,6,0.0003,1000,534,0.3
monotona,100,10,7,0.0001,1000,649,0.3
monotona,100,10,8,0.0002,1000,558,0.3
monotona,100,10,9,0.0004,1000,545,0.3
monotona,100,10,10,0.0002,1000,614,0.3
monotona,100,10,1,0.0003,1000,595,0.4
monotona,100,10,2,0.0005,1000,522,0.4
monotona,100,10,3,0.0001,1000,554,0.4
monotona,100,10,4,0.0004,1000,526,0.4
monotona,100,10,5,0.0002,1000,567,0.4
monotona,100,10,6,0.0004,1000,512,0.4
monotona,100,10,7,0.0001,1000,604,0.4
monotona,100,10,8,0.0003,1000,574,0.4
monotona,100,10,9,0.0003,1000,545,0.4
monotona,100,10,10,0.0002,1000,561,0.4
monotona,100,10,1,0.0002,1000,519,0.5
monotona,100,10,2,0.0006,1000,512,0.5
monotona,100,10,3,0.0002,1000,637,0.5
monotona,100,10,4,0.0002,1000,571,0.5
monotona,100,10,5,0.0002,1000,584,0.5
monotona,100,10,6,0.0002,1000,536,0.5
monotona,100,10,7,0.0004,1000,591,0.5
monotona,100,10,8,0.0002,1000,522,0.5
monotona,100,10,9,0.0003,1000,524,0.5
monotona,100,10,10,0.0003,1000,516,0.5
monotona,100,10,1,0.0003,1000,681,0.6
monotona,100,10,2,0.0006,1000,545,0.6
monotona,100,10,3,0.0003,1000,547,0.6
monotona,100,10,4,0.0002,1000,536,0.6
monotona,100,10,5,0.0004,1000,606,0.6
monotona,100,10,6,0.0003,1000,526,0.6
monotona,100,10,7,0.0002,1000,533,0.6
monotona,100,10,8,0.0004,1000,510,0.6
monotona,100,10,9,0.0003,1000,513,0.6
monotona,100,10,10,0.0002,1000,691,0.6
monotona,100,10,1,0.0006,1000,560,0.7
monotona,100,10,2,0.0005,1000,512,0.7
monotona,100,10,3,0.0005,1000,605,0.7
monotona,100,10,4,0.0003,1000,632,0.7
monotona,100,10,5,0.0003,1000,588,0.7
monotona,100,10,6,0.0002,1000,610,0.7
monotona,100,10,7,0.0004,1000,617,0.7
monotona,100,10,8,0.0004,1000,515,0.7
monotona,100,10,9,0.0003,1000,631,0.7
monotona,100,10,10,0.0006,1000,606,0.7
monotona,100,10,1,0.0003,1000,526,0.8
monotona,100,10,2,0.0004,1000,514,0.8
monotona,100,10,3,0.0004,1000,544,0.8
monotona,100,10,4,0.0003,1000,551,0.8
monotona,100,10,5,0.0003,1000,520,0.8
monotona,100,10,6,0.0002,1000,565,0.8
monotona,100,10,7,0.0004,1000,553,0.8
monotona,100,10,8,0.0002,1000,613,0.8
monotona,100,10,9,0.0002,1000,567,0.8
monotona,100,10,10,0.0006,1000,528,0.8
monotona,100,10,1,0.0003,1000,573,0.9
monotona,100,10,2,0.0002,1000,588,0.9
monotona,100,10,3,0.0003,1000,564,0.9
monotona,100,10,4,0.0005,1000,547,0.9
monotona,100,10,5,0.0007,1000,515,0.9
monotona,100,10,6,0.0009,1000,521,0.9
monotona,100,10,7,0.0005,1000,522,0.9
monotona,100,10,8,0.0005,1000,594,0.9
monotona,100,10,9,0.0007,1000,543,0.9
monotona,100,10,10,0.0006,1000,515,0.9
monotona,89,20,1,0.0002,1000,330,0.1
monotona,89,20,2,0.0001,1000,399,0.1
monotona,89,20,3,0.0004,1000,298,0.1
monotona,89,20,4,0.0001,1000,308,0.1
monotona,89,20,5,0.0002,1000,293,0.1
monotona,89,20,6,0.0001,1000,324,0.1
monotona,89,20,7,0.0001,1000,321,0.1
monotona,89,20,8,0.0001,1000,322,0.1
monotona,89,20,9,0.0000,1000,380,0.1
monotona,89,20,10,0.0001,1000,419,0.1
monotona,89,20,1,0.0001,1000,360,0.2
monotona,89,20,2,0.0002,1000,305,0.2
monotona,89,20,3,0.0002,1000,308,0.2
monotona,89,20,4,0.0007,1000,291,0.2
monotona,89,20,5,0.0001,1000,305,0.2
monotona,89,20,6,0.0002,1000,302,0.2
monotona,89,20,7,0.0001,1000,411,0.2
monotona,89,20,8,0.0002,1000,285,0.2
monotona,89,20,9,0.0002,1000,491,0.2
monotona,89,20,10,0.0001,1000,379,0.2
monotona,89,20,1,0.0001,1000,369,0.3
monotona,89,20,2,0.0003,1000,308,0.3
monotona,89,20,3,0.0002,1000,297,0.3
monotona,89,20,4,0.0003,1000,308,0.3
monotona,89,20,5,0.0004,1000,342,0.3
monotona,89,20,6,0.0006,1000,286,0.3
monotona,89,20,7,0.0008,1000,273,0.3
monotona,89,20,8,0.0003,1000,347,0.3
monotona,89,20,9,0.0001,1000,408,0.3
monotona,89,20,10,0.0001,1000,352,0.3
monotona,89,20,1,0.0002,1000,294,0.4
monotona,89,20,2,0.0002,1000,288,0.4
monotona,89,20,3,0.0004,1000,307,0.4
monotona,89,20,4,0.0002,1000,314,0.4
monotona,89,20,5,0.0001,1000,325,0.4
monotona,89,20,6,0.0005,1000,266,0.4
monotona,89,20,7,0.0001,1000,443,0.4
monotona,89,20,8,0.0003,1000,340,0.4
monotona,89,20,9,0.0002,1000,319,0.4
monotona,89,20,10,0.0005,1000,275,0.4
monotona,89,20,1,0.0002,1000,391,0.5
monotona,89,20,2,0.0007,1000,323,0.5
monotona,89,20,3,0.0005,1000,283,0.5
monotona,89,20,4,0.0002,1000,350,0.5
monotona,89,20,5,0.0005,1000,341,0.5
monotona,89,20,6,0.0003,1000,310,0.5
monotona,89,20,7,0.0004,1000,269,0.5
monotona,89,20,8,0.0003,1000,335,0.5
monotona,89,20,9,0.0002,1000,413,0.5
monotona,89,20,10,0.0003,1000,283,0.5
monotona,89,20,1,0.0002,1000,343,0.6
monotona,89,20,2,0.0003,1000,416,0.6
monotona,89,20,3,0.0003,1000,278,0.6
monotona,89,20,4,0.0003,1000,271,0.6
monotona,89,20,5,0.0005,1000,334,0.6
monotona,89,20,6,0.0003,1000,308,0.6
monotona,89,20,7,0.0003,1000,324,0.6
monotona,89,20,8,0.0006,1000,284,0.6
monotona,89,20,9,0.0003,1000,341,0.6
monotona,89,20,10,0.0002,1000,328,0.6
monotona,89,20,1,0.0002,1000,323,0.7
monotona,89,20,2,0.0006,1000,291,0.7
monotona,89,20,3,0.0002,1000,331,0.7
monotona,89,20,4,0.0002,1000,376,0.7
monotona,89,20,5,0.0003,1000,296,0.7
monotona,89,20,6,0.0005,1000,318,0.7
monotona,89,20,7,0.0002,1000,409,0.7
monotona,89,20,8,0.0009,1000,269,0.7
monotona,89,20,9,0.0011,1000,294,0.7
monotona,89,20,10,0.0003,1000,328,0.7
monotona,89,20,1,0.0005,1000,320,0.8
monotona,89,20,2,0.0002,1000,440,0.8
monotona,89,20,3,0.0003,1000,334,0.8
monotona,89,20,4,0.0005,1000,425,0.8
monotona,89,20,5,0.0003,1000,373,0.8
monotona,89,20,6,0.0004,1000,289,0.8
monotona,89,20,7,0.0007,1000,293,0.8
monotona,89,20,8,0.0002,1000,330,0.8
monotona,89,20,9,0.0002,1000,376,0.8
monotona,89,20,10,0.0004,1000,362,0.8
monotona,89,20,1,0.0003,1000,309,0.9
monotona,89,20,2,0.0003,1000,343,0.9
monotona,89,20,3,0.0007,1000,322,0.9
monotona,89,20,4,0.0005,1000,492,0.9
monotona,89,20,5,0.0002,1000,358,0.9
monotona,89,20,6,0.0004,1000,321,0.9
monotona,89,20,7,0.0008,1000,270,0.9
monotona,89,20,8,0.0004,1000,286,0.9
monotona,89,20,9,0.0008,1000,280,0.9
monotona,89,20,10,0.0004,1000,308,0.9
monotona,400,20,1,0.0005,1000,1223,0.1
monotona,400,20,2,0.0007,1000,1179,0.1
monotona,400,20,3,0.0003,1000,1223,0.1
monotona,400,20,4,0.0002,1000,1429,0.1
monotona,400,20,5,0.0007,1000,1154,0.1
monotona,400,20,6,0.0003,1000,1172,0.1
monotona,400,20,7,0.0005,1000,1169,0.1
monotona,400,20,8,0.0006,1000,1195,0.1
monotona,400,20,9,0.0008,1000,1139,0.1
monotona,400,20,10,0.0005,1000,1132,0.1
monotona,400,20,1,0.0004,1000,1242,0.2
monotona,400,20,2,0.0005,1000,1221,0.2
monotona,400,20,3,0.0009,1000,1085,0.2
monotona,400,20,4,0.0006,1000,1132,0.2
monotona,400,20,5,0.0003,1000,1127,0.2
monotona,400,20,6,0.0006,1000,1134,0.2
monotona,400,20,7,0.0021,1000,1050,0.2
monotona,400,20,8,0.0009,1000,1116,0.2
monotona,400,20,9,0.0003,1000,1370,0.2
monotona,400,20,10,0.0003,1000,1199,0.2
monotona,400,20,1,0.0009,1000,1152,0.3
monotona,400,20,2,0.0004,1000,1294,0.3
monotona,400,20,3,0.0011,1000,1136,0.3
monotona,400,20,4,0.0004,1000,1144,0.3
monotona,400,20,5,0.0004,1000,1294,0.3
monotona,400,20,6,0.0008,1000,1120,0.3
monotona,400,20,7,0.0007,1000,1118,0.3
monotona,400,20,8,0.0014,1000,1064,0.3
monotona,400,20,9,0.0006,1000,1233,0.3
monotona,400,20,10,0.0015,1000,1096,0.3
monotona,400,20,1,0.0009,1000,1102,0.4
monotona,400,20,2,0.0012,1000,1041,0.4
monotona,400,20,3,0.0010,1000,1218,0.4
monotona,400,20,4,0.0010,1000,1206,0.4
monotona,400,20,5,0.0006,1000,1258,0.4
monotona,400,20,6,0.0007,1000,1102,0.4
monotona,400,20,7,0.0010,1000,1114,0.4
monotona,400,20,8,0.0006,1000,1260,0.4
monotona,400,20,9,0.0012,1000,1131,0.4
monotona,400,20,10,0.0009,1000,1149,0.4
monotona,400,20,1,0.0004,1000,1299,0.5
monotona,400,20,2,0.0006,1000,1445,0.5
monotona,400,20,3,0.0007,1000,1345,0.5
monotona,400,20,4,0.0007,1000,1153,0.5
monotona,400,20,5,0.0010,1000,1163,0.5
monotona,400,20,6,0.0005,1000,1195,0.5
monotona,400,20,7,0.0010,1000,1222,0.5
monotona,400,20,8,0.0006,1000,1248,0.5
monotona,400,20,9,0.0008,1000,1172,0.5
monotona,400,20,10,0.0010,1000,1113,0.5
monotona,400,20,1,0.0009,1000,1095,0.6
monotona,400,20,2,0.0010,1000,1092,0.6
monotona,400,20,3,0.0007,1000,1145,0.6
monotona,400,20,4,0.0014,1000,1135,0.6
monotona,400,20,5,0.0011,1000,1131,0.6
monotona,400,20,6,0.0010,1000,1213,0.6
monotona,400,20,7,0.0010,1000,1308,0.6
monotona,400,20,8,0.0011,1000,1114,0.6
monotona,400,20,9,0.0008,1000,1107,0.6
monotona,400,20,10,0.0007,1000,1229,0.6
monotona,400,20,1,0.0007,1000,1270,0.7
monotona,400,20,2,0.0013,1000,1139,0.7
monotona,400,20,3,0.0011,1000,1250,0.7
monotona,400,20,4,0.0008,1000,1229,0.7
monotona,400,20,5,0.0007,1000,1314,0.7
monotona,400,20,6,0.0008,1000,1305,0.7
monotona,400,20,7,0.0014,1000,1159,0.7
monotona,400,20,8,0.0008,1000,1430,0.7
monotona,400,20,9,0.0010,1000,1166,0.7
monotona,400,20,10,0.0007,1000,1342,0.7
monotona,400,20,1,0.0008,1000,1224,0.8
monotona,400,20,2,0.0010,1000,1212,0.8
monotona,400,20,3,0.0008,1000,1167,0.8
monotona,400,20,4,0.0015,1000,1115,0.8
monotona,400,20,5,0.0006,1000,1583,0.8
monotona,400,20,6,0.0010,1000,1166,0.8
monotona,400,20,7,0.0007,1000,1242,0.8
monotona,400,20,8,0.0011,1000,1191,0.8
monotona,400,20,9,0.0011,1000,1150,0.8
monotona,400,20,10,0.0007,1000,1344,0.8
monotona,400,20,1,0.0011,1000,1102,0.9
monotona,400,20,2,0.0008,1000,1223,0.9
monotona,400,20,3,0.0011,1000,1266,0.9
monotona,400,20,4,0.0017,1000,1107,0.9
monotona,400,20,5,0.0016,1000,1212,0.9
monotona,400,20,6,0.0026,1000,1052,0.9
monotona,400,20,7,0.0022,1000,1113,0.9
monotona,400,20,8,0.0013,1000,1159,0.9
monotona,400,20,9,0.0012,1000,1194,0.9
monotona,400,20,10,0.0016,1000,1127,0.9
monotona,353,50,1,0.0004,1000,560,0.1
monotona,353,50,2,0.0007,1000,546,0.1
monotona,353,50,3,0.0004,1000,564,0.1
monotona,353,50,4,0.0001,1000,594,0.1
monotona,353,50,5,0.0002,1000,588,0.1
monotona,353,50,6,0.0008,1000,518,0.1
monotona,353,50,7,0.0001,1000,655,0.1
monotona,353,50,8,0.0003,1000,553,0.1
monotona,353,50,9,0.0002,1000,735,0.1
monotona,353,50,10,0.0006,1000,644,0.1
monotona,353,50,1,0.0008,1000,523,0.2
monotona,353,50,2,0.0003,1000,568,0.2
monotona,353,50,3,0.0004,1000,600,0.2
monotona,353,50,4,0.0011,1000,493,0.2
monotona,353,50,5,0.0008,1000,506,0.2
monotona,353,50,6,0.0004,1000,662,0.2
monotona,353,50,7,0.0008,1000,477,0.2
monotona,353,50,8,0.0002,1000,754,0.2
monotona,353,50,9,0.0002,1000,549,0.2
monotona,353,50,10,0.0007,1000,551,0.2
monotona,353,50,1,0.0011,1000,459,0.3
monotona,353,50,2,0.0004,1000,555,0.3
monotona,353,50,3,0.0011,1000,518,0.3
monotona,353,50,4,0.0007,1000,497,0.3
monotona,353,50,5,0.0006,1000,521,0.3
monotona,353,50,6,0.0009,1000,554,0.3
monotona,353,50,7,0.0007,1000,503,0.3
monotona,353,50,8,0.0008,1000,497,0.3
monotona,353,50,9,0.0003,1000,654,0.3
monotona,353,50,10,0.0009,1000,556,0.3
monotona,353,50,1,0.0007,1000,564,0.4
monotona,353,50,2,0.0004,1000,543,0.4
monotona,353,50,3,0.0005,1000,542,0.4
monotona,353,50,4,0.0009,1000,595,0.4
monotona,353,50,5,0.0011,1000,533,0.4
monotona,353,50,6,0.0004,1000,587,0.4
monotona,353,50,7,0.0012,1000,476,0.4
monotona,353,50,8,0.0006,1000,553,0.4
monotona,353,50,9,0.0005,1000,609,0.4
monotona,353,50,10,0.0007,1000,510,0.4
monotona,353,50,1,0.0008,1000,655,0.5
monotona,353,50,2,0.0010,1000,602,0.5
monotona,353,50,3,0.0009,1000,508,0.5
monotona,353,50,4,0.0006,1000,544,0.5
monotona,353,50,5,0.0007,1000,597,0.5
monotona,353,50,6,0.0010,1000,508,0.5
monotona,353,50,7,0.0008,1000,553,0.5
monotona,353,50,8,0.0006,1000,573,0.5
monotona,353,50,9,0.0005,1000,558,0.5
monotona,353,50,10,0.0007,1000,542,0.5
monotona,353,50,1,0.0014,1000,557,0.6
monotona,353,50,2,0.0008,1000,562,0.6
monotona,353,50,3,0.0021,1000,459,0.6
monotona,353,50,4,0.0008,1000,581,0.6
monotona,353,50,5,0.0009,1000,579,0.6
monotona,353,50,6,0.0008,1000,569,0.6
monotona,353,50,7,0.0008,1000,526,0.6
monotona,353,50,8,0.0009,1000,594,0.6
monotona,353,50,9,0.0012,1000,467,0.6
monotona,353,50,10,0.0008,1000,523,0.6
monotona,353,50,1,0.0007,1000,531,0.7
monotona,353,50,2,0.0010,1000,521,0.7
monotona,353,50,3,0.0011,1000,561,0.7
monotona,353,50,4,0.0012,1000,518,0.7
monotona,353,50,5,0.0011,1000,521,0.7
monotona,353,50,6,0.0012,1000,484,0.7
monotona,353,50,7,0.0015,1000,510,0.7
monotona,353,50,8,0.0008,1000,527,0.7
monotona,353,50,9,0.0010,1000,609,0.7
monotona,353,50,10,0.0010,1000,537,0.7
monotona,353,50,1,0.0016,1000,513,0.8
monotona,353,50,2,0.0012,1000,544,0.8
monotona,353,50,3,0.0008,1000,689,0.8
monotona,353,50,4,0.0012,1000,515,0.8
monotona,353,50,5,0.0009,1000,576,0.8
monotona,353,50,6,0.0008,1000,567,0.8
monotona,353,50,7,0.0016,1000,452,0.8
monotona,353,50,8,0.0010,1000,517,0.8
monotona,353,50,9,0.0009,1000,530,0.8
monotona,353,50,10,0.0007,1000,541,0.8
monotona,353,50,1,0.0015,1000,454,0.9
monotona,353,50,2,0.0011,1000,584,0.9
monotona,353,50,3,0.0013,1000,509,0.9
monotona,353,50,4,0.0008,1000,626,0.9
monotona,353,50,5,0.0009,1000,578,0.9
monotona,353,50,6,0.0013,1000,506,0.9
monotona,353,50,7,0.0012,1000,524,0.9
monotona,353,50,8,0.0008,1000,664,0.9
monotona,353,50,9,0.0010,1000,536,0.9
monotona,353,50,10,0.0019,1000,484,0.9
monotona,2500,50,1,0.0014,1000,3452,0.1
monotona,2500,50,2,0.0005,1000,3362,0.1
monotona,2500,50,3,0.0010,1000,3093,0.1
monotona,2500,50,4,0.0010,1000,3949,0.1
monotona,2500,50,5,0.0008,1000,3434,0.1
monotona,2500,50,6,0.0009,1000,3558,0.1
monotona,2500,50,7,0.0006,1000,3849,0.1
monotona,2500,50,8,0.0012,1000,3392,0.1
monotona,2500,50,9,0.0006,1000,3371,0.1
monotona,2500,50,10,0.0007,1000,3767,0.1
monotona,2500,50,1,0.0090,1000,2972,0.2
monotona,2500,50,2,0.0055,1000,2923,0.2
monotona,2500,50,3,0.0073,1000,2871,0.2
monotona,2500,50,4,0.0029,1000,3252,0.2
monotona,2500,50,5,0.0045,1000,3020,0.2
monotona,2500,50,6,0.0029,1000,3237,0.2
monotona,2500,50,7,0.0068,1000,2851,0.2
monotona,2500,50,8,0.0031,1000,2990,0.2
monotona,2500,50,9,0.0025,1000,2972,0.2
monotona,2500,50,10,0.0032,1000,3164,0.2
monotona,2500,50,1,0.0120,1000,2881,0.3
monotona,2500,50,2,0.0085,1000,2960,0.3
monotona,2500,50,3,0.0055,1000,3074,0.3
monotona,2500,50,4,0.0029,1000,3300,0.3
monotona,2500,50,5,0.0041,1000,3177,0.3
monotona,2500,50,6,0.0101,1000,3003,0.3
monotona,2500,50,7,0.0027,1000,3103,0.3
monotona,2500,50,8,0.0082,1000,3103,0.3
monotona,2500,50,9,0.0049,1000,3320,0.3
monotona,2500,50,10,0.0028,1000,3086,0.3
monotona,2500,50,1,0.0047,1000,3193,0.4
monotona,2500,50,2,0.0120,1000,2912,0.4
monotona,2500,50,3,0.0123,1000,2944,0.4
monotona,2500,50,4,0.0053,1000,3009,0.4
monotona,2500,50,5,0.0082,1000,2971,0.4
monotona,2500,50,6,0.0135,1000,2912,0.4
monotona,2500,50,7,0.0184,1000,2996,0.4
monotona,2500,50,8,0.0067,1000,2972,0.4
monotona,2500,50,9,0.0118,1000,2725,0.4
monotona,2500,50,10,0.0055,1000,2946,0.4
monotona,2500,50,1,0.0034,1000,3180,0.5
monotona,2500,50,2,0.0112,1000,2999,0.5
monotona,2500,50,3,0.0054,1000,3047,0.5
monotona,2500,50,4,0.0060,1000,2979,0.5
monotona,2500,50,5,0.0063,1000,2956,0.5
monotona,2500,50,6,0.0112,1000,2989,0.5
monotona,2500,50,7,0.0053,1000,3271,0.5
monotona,2500,50,8,0.0064,1000,2981,0.5
monotona,2500,50,9,0.0053,1000,2999,0.5
monotona,2500,50,10,0.0029,1000,3220,0.5
monotona,2500,50,1,0.0110,1000,2919,0.6
monotona,2500,50,2,0.0090,1000,3005,0.6
monotona,2500,50,3,0.0046,1000,3227,0.6
monotona,2500,50,4,0.0139,1000,2830,0.6
monotona,2500,50,5,0.0057,1000,3163,0.6
monotona,2500,50,6,0.0053,1000,3280,0.6
monotona,2500,50,7,0.0088,1000,2880,0.6
monotona,2500,50,8,0.0043,1000,3165,0.6
monotona,2500,50,9,0.0099,1000,2976,0.6
monotona,2500,50,10,0.0058,1000,3109,0.6
monotona,2500,50,1,0.0059,1000,3194,0.7
monotona,2500,50,2,0.0056,1000,2955,0.7
monotona,2500,50,3,0.0092,1000,2944,0.7
monotona,2500,50,4,0.0075,1000,2923,0.7
monotona,2500,50,5,0.0104,1000,2997,0.7
monotona,2500,50,6,0.0088,1000,3007,0.7
monotona,2500,50,7,0.0085,1000,2990,0.7
monotona,2500,50,8,0.0060,1000,3001,0.7
monotona,2500,50,9,0.0137,1000,2845,0.7
monotona,2500,50,10,0.0051,1000,2978,0.7
monotona,2500,50,1,0.0072,1000,2984,0.8
monotona,2500,50,2,0.0127,1000,2899,0.8
monotona,2500,50,3,0.0134,1000,2970,0.8
monotona,2500,50,4,0.0074,1000,3135,0.8
monotona,2500,50,5,0.0147,1000,2825,0.8
monotona,2500,50,6,0.0053,1000,2994,0.8
monotona,2500,50,7,0.0097,1000,3214,0.8
monotona,2500,50,8,0.0090,1000,2968,0.8
monotona,2500,50,9,0.0082,1000,3006,0.8
monotona,2500,50,10,0.0058,1000,3095,0.8
monotona,2500,50,1,0.0062,1000,3078,0.9
monotona,2500,50,2,0.0091,1000,2955,0.9
monotona,2500,50,3,0.0092,1000,2951,0.9
monotona,2500,50,4,0.0107,1000,3052,0.9
monotona,2500,50,5,0.0069,1000,3067,0.9
monotona,2500,50,6,0.0083,1000,3011,0.9
monotona,2500,50,7,0.0162,1000,2883,0.9
monotona,2500,50,8,0.0093,1000,3074,0.9
monotona,2500,50,9,0.0093,1000,2973,0.9
monotona,2500,50,10,0.0108,1000,3046,0.9
